nohup: ignoring input

Processing Delphes_HH.C("delphes_dhiggs_sig_10k.root","delphes_dhiggs_bkg2v4b_10k.root","delphes_dhiggs_bkgvvbbh_10k.root","delphes_dhiggs_bkgvvbbz_10k.root","delphes_dhiggs_sig+bkg_pairmass.root","/nfs_scratch/hjia38/ttbar_w_hadron.root","ttbar_w_hadron_Cali.root")...

Calling Calibration algorithm...

Initiating Calibration...

Calibration's result:
Jet Energy Calibration gives following Jet Energy Response:
1, 0.98, 0.96, 0.96, 0.96, 0.96, 0.96, 0.96, 0.97, 0.99, 
1.02, 0.96, 0.94, 0.95, 1, 0.97, 0.96, 0.94, 0.94, 0.99, 
1.01, 0.97, 0.95, 0.97, 0.96, 1.01, 0.98, 0.95, 0.93, 0.97, 
0.99, 0.95, 0.96, 0.99, 0.97, 0.98, 0.95, 0.97, 0.94, 0.96, 
0.99, 0.95, 1.01, 0.97, 0.96, 0.97, 0.98, 0.97, 0.94, 0.96, 
0.97, 0.94, 0.96, 0.98, 1, 0.99, 0.98, 0.96, 0.96, 0.95, 
0.95, 0.96, 0.98, 0.99, 0.99, 1.03, 0.99, 0.98, 0.97, 0.95, 
0.95, 0.97, 0.99, 1, 0.99, 1, 0.99, 0.97, 0.99, 0.95, 
0.93, 0.98, 0.99, 0.99, 1, 1, 1, 1, 0.99, 0.94, 
0.89, 0.97, 0.98, 0.98, 0.99, 0.98, 0.98, 0.98, 0.98, 0.9, 

Number of Jets included in calculation
0, 1084, 1776, 1492, 1429, 1302, 1438, 1653, 1747, 191, 
1, 326, 100, 80, 80, 75, 80, 89, 206, 178, 
19, 356, 114, 90, 82, 66, 82, 103, 198, 230, 
47, 352, 129, 92, 88, 113, 99, 101, 179, 297, 
112, 346, 148, 111, 105, 101, 112, 132, 197, 306, 
160, 422, 167, 173, 146, 133, 153, 170, 236, 446, 
340, 578, 270, 215, 221, 241, 227, 223, 388, 655, 
499, 784, 506, 376, 336, 370, 370, 397, 600, 854, 
705, 1389, 1008, 823, 757, 713, 748, 887, 1139, 1490, 
720, 1497, 1339, 1244, 1145, 1076, 1191, 1307, 1516, 1476, 

Calibration all done! Quit...

///////////////////////////////////////////////////
Initiating pairing algorithm...
Create dataset for Boosting Decision Tress training....
Done

///////////////////////////////////////////////////
Initiating pairing algorithm...
Create dataset for Boosting Decision Tress training....
Done

///////////////////////////////////////////////////
Initiating pairing algorithm...
Create dataset for Boosting Decision Tress training....
Done

///////////////////////////////////////////////////
Initiating pairing algorithm...
Create dataset for Boosting Decision Tress training....
Done
Initating TMVA for Multi-Variate Analysis....
create data set info dataset
DataSetInfo              : [dataset] : Added class "Signal"
                         : Add Tree tree_BDT_sig of type Signal with 993 events
DataSetInfo              : [dataset] : Added class "Background"
                         : Add Tree tree_BDT_bkg3 of type Background with 433 events
Factory                  : Booking method: [1mBDT_RealAdaBoost[0m
                         : 
                         : Building event vectors for type 2 Signal
                         : Dataset[dataset] :  create input formulas for tree tree_BDT_sig
                         : Building event vectors for type 2 Background
                         : Dataset[dataset] :  create input formulas for tree tree_BDT_bkg3
DataSetFactory           : [dataset] : Number of events in input trees
                         : 
                         : 
                         : Dataset[dataset] : Weight renormalisation mode: "EqualNumEvents": renormalises all event classes ...
                         : Dataset[dataset] :  such that the effective (weighted) number of events in each class is the same 
                         : Dataset[dataset] :  (and equals the number of events (entries) given for class=0 )
                         : Dataset[dataset] : ... i.e. such that Sum[i=1..N_j]{w_i} = N_classA, j=classA, classB, ...
                         : Dataset[dataset] : ... (note that N_j is the sum of TRAINING events
                         : Dataset[dataset] :  ..... Testing events are not renormalised nor included in the renormalisation factor!)
                         : Number of training and testing events
                         : ---------------------------------------------------------------------------
                         : Signal     -- training events            : 496
                         : Signal     -- testing events             : 496
                         : Signal     -- training and testing events: 992
                         : Background -- training events            : 216
                         : Background -- testing events             : 216
                         : Background -- training and testing events: 432
                         : 
DataSetInfo              : Correlation matrix (Signal):
                         : ---------------------------------------------------------------------------------------------------------------------------------------------------------------------------------------------------------------------------------------------------------------------------------------------------------------------------------------------------------------------------------------------------------
                         :                       BDTNjets BDTjet1pt1 BDTjet1pt2 BDTjet2pt1 BDTjet2pt2 BDTjet1eta1 BDTjet1eta2 BDTjet2eta1 BDTjet2eta2 BDTjet1phi1 BDTjet1phi2 BDTjet2phi1 BDTjet2phi2 BDTMissingETMET BDTMissingETEta BDTMissingETPhi DiHiggsMETDeltaTheta BDThiggsdeltaEta BDThiggsdeltaPhi BDThiggs1pt BDThiggs1eta BDThiggs1invm BDThiggs2pt BDThiggs2eta BDThiggs2invm BDTdihiggspt BDTdihiggseta BDTdihiggsinvm
                         :             BDTNjets:   +1.000     -0.060     -0.062     -0.121     -0.163      -0.016      +0.025      +0.034      +0.021      -0.017      -0.048      +0.010      -0.017          -0.033          +0.005          +0.023               +0.040           -0.090           +0.027      -0.070       +0.059        +0.071      -0.077       +0.027        +0.044       -0.051        +0.010         -0.075
                         :           BDTjet1pt1:   -0.060     +1.000     +0.710     +0.584     +0.287      +0.005      -0.045      -0.079      +0.046      +0.036      +0.086      +0.073      +0.071          +0.383          +0.021          -0.100               -0.043           +0.225           +0.314      +0.821       -0.009        +0.076      +0.760       -0.016        -0.060       +0.551        -0.034         +0.554
                         :           BDTjet1pt2:   -0.062     +0.710     +1.000     +0.683     +0.420      -0.056      -0.075      -0.059      +0.047      -0.015      +0.046      +0.066      +0.031          +0.327          +0.067          -0.059               -0.070           +0.007           +0.081      +0.783       -0.052        -0.031      +0.790       -0.013        +0.006       +0.577        -0.078         +0.405
                         :           BDTjet2pt1:   -0.121     +0.584     +0.683     +1.000     +0.601      -0.020      -0.068      -0.056      +0.023      -0.000      +0.027      +0.074      +0.032          +0.322          +0.081          -0.075               -0.036           +0.117           +0.174      +0.760       -0.031        -0.067      +0.700       -0.044        -0.111       +0.584        -0.062         +0.381
                         :           BDTjet2pt2:   -0.163     +0.287     +0.420     +0.601     +1.000      -0.005      -0.026      +0.008      -0.013      -0.060      -0.032      +0.039      +0.057          +0.142          +0.022          -0.036               -0.042           -0.044           -0.001      +0.450       -0.029        -0.218      +0.529       -0.016        -0.074       +0.389        -0.024         +0.159
                         :          BDTjet1eta1:   -0.016     +0.005     -0.056     -0.020     -0.005      +1.000      +0.439      +0.115      +0.101      -0.006      -0.019      -0.074      -0.063          -0.001          -0.433          -0.014               +0.083           -0.015           -0.021      +0.022       +0.691        -0.015      -0.027       +0.442        -0.065       +0.026        +0.712         -0.033
                         :          BDTjet1eta2:   +0.025     -0.045     -0.075     -0.068     -0.026      +0.439      +1.000      +0.201      -0.013      -0.013      -0.025      +0.004      -0.075          -0.074          -0.396          +0.049               +0.085           +0.056           +0.036      -0.017       +0.553        +0.021      -0.070       +0.599        -0.028       -0.045        +0.628         +0.014
                         :          BDTjet2eta1:   +0.034     -0.079     -0.059     -0.056     +0.008      +0.115      +0.201      +1.000      +0.378      -0.047      -0.027      +0.018      -0.013          -0.071          -0.389          +0.004               +0.045           -0.082           -0.059      -0.057       +0.446        -0.055      -0.075       +0.442        -0.011       -0.027        +0.525         -0.116
                         :          BDTjet2eta2:   +0.021     +0.046     +0.047     +0.023     -0.013      +0.101      -0.013      +0.378      +1.000      +0.036      +0.000      +0.066      +0.018          -0.035          -0.350          -0.045               +0.008           -0.036           -0.018      +0.040       +0.219        -0.025      +0.027       +0.516        -0.039       +0.051        +0.386         -0.011
                         :          BDTjet1phi1:   -0.017     +0.036     -0.015     -0.000     -0.060      -0.006      -0.013      -0.047      +0.036      +1.000      +0.428      -0.062      -0.130          +0.004          +0.020          -0.182               -0.013           +0.015           -0.017      +0.016       +0.002        +0.027      -0.047       +0.002        -0.026       -0.050        -0.019         +0.062
                         :          BDTjet1phi2:   -0.048     +0.086     +0.046     +0.027     -0.032      -0.019      -0.025      -0.027      +0.000      +0.428      +1.000      +0.045      -0.097          +0.022          +0.020          -0.095               -0.054           +0.054           +0.040      +0.017       -0.024        +0.021      +0.046       -0.018        -0.017       -0.029        +0.001         +0.096
                         :          BDTjet2phi1:   +0.010     +0.073     +0.066     +0.074     +0.039      -0.074      +0.004      +0.018      +0.066      -0.062      +0.045      +1.000      +0.427          +0.009          -0.052          -0.142               -0.027           +0.066           +0.044      +0.045       -0.047        +0.042      +0.086       +0.038        +0.020       +0.033        +0.030         +0.089
                         :          BDTjet2phi2:   -0.017     +0.071     +0.031     +0.032     +0.057      -0.063      -0.075      -0.013      +0.018      -0.130      -0.097      +0.427      +1.000          -0.014          +0.040          -0.034               +0.020           +0.091           +0.107      +0.036       -0.036        +0.036      +0.036       -0.015        +0.014       +0.014        -0.062         +0.083
                         :      BDTMissingETMET:   -0.033     +0.383     +0.327     +0.322     +0.142      -0.001      -0.074      -0.071      -0.035      +0.004      +0.022      +0.009      -0.014          +1.000          +0.051          -0.048               -0.269           -0.071           -0.188      +0.388       -0.020        -0.012      +0.303       -0.044        +0.050       +0.578        -0.045         +0.060
                         :      BDTMissingETEta:   +0.005     +0.021     +0.067     +0.081     +0.022      -0.433      -0.396      -0.389      -0.350      +0.020      +0.020      -0.052      +0.040          +0.051          +1.000          +0.052               -0.060           +0.034           +0.015      +0.031       -0.478        -0.028      +0.052       -0.452        -0.006       +0.017        -0.692         +0.052
                         :      BDTMissingETPhi:   +0.023     -0.100     -0.059     -0.075     -0.036      -0.014      +0.049      +0.004      -0.045      -0.182      -0.095      -0.142      -0.034          -0.048          +0.052          +1.000               +0.017           -0.050           -0.038      -0.080       -0.013        -0.013      -0.085       +0.024        +0.034       -0.025        -0.013         -0.114
                         : DiHiggsMETDeltaTheta:   +0.040     -0.043     -0.070     -0.036     -0.042      +0.083      +0.085      +0.045      +0.008      -0.013      -0.054      -0.027      +0.020          -0.269          -0.060          +0.017               +1.000           +0.151           +0.276      -0.052       +0.045        +0.014      -0.091       +0.063        -0.065       -0.314        +0.076         +0.125
                         :     BDThiggsdeltaEta:   -0.090     +0.225     +0.007     +0.117     -0.044      -0.015      +0.056      -0.082      -0.036      +0.015      +0.054      +0.066      +0.091          -0.071          +0.034          -0.050               +0.151           +1.000           +0.537      +0.113       -0.026        +0.045      +0.064       -0.015        -0.244       -0.163        -0.011         +0.675
                         :     BDThiggsdeltaPhi:   +0.027     +0.314     +0.081     +0.174     -0.001      -0.021      +0.036      -0.059      -0.018      -0.017      +0.040      +0.044      +0.107          -0.188          +0.015          -0.038               +0.276           +0.537           +1.000      +0.226       +0.007        +0.126      +0.165       -0.010        -0.202       -0.229        -0.010         +0.492
                         :          BDThiggs1pt:   -0.070     +0.821     +0.783     +0.760     +0.450      +0.022      -0.017      -0.057      +0.040      +0.016      +0.017      +0.045      +0.036          +0.388          +0.031          -0.080               -0.052           +0.113           +0.226      +1.000       +0.011        -0.109      +0.682       +0.000        -0.168       +0.651        -0.021         +0.467
                         :         BDThiggs1eta:   +0.059     -0.009     -0.052     -0.031     -0.029      +0.691      +0.553      +0.446      +0.219      +0.002      -0.024      -0.047      -0.036          -0.020          -0.478          -0.013               +0.045           -0.026           +0.007      +0.011       +1.000        +0.018      -0.051       +0.387        -0.026       +0.003        +0.760         -0.041
                         :        BDThiggs1invm:   +0.071     +0.076     -0.031     -0.067     -0.218      -0.015      +0.021      -0.055      -0.025      +0.027      +0.021      +0.042      +0.036          -0.012          -0.028          -0.013               +0.014           +0.045           +0.126      -0.109       +0.018        +1.000      +0.000       -0.009        +0.667       -0.113        +0.002         +0.164
                         :          BDThiggs2pt:   -0.077     +0.760     +0.790     +0.700     +0.529      -0.027      -0.070      -0.075      +0.027      -0.047      +0.046      +0.086      +0.036          +0.303          +0.052          -0.085               -0.091           +0.064           +0.165      +0.682       -0.051        +0.000      +1.000       -0.024        -0.043       +0.603        -0.061         +0.444
                         :         BDThiggs2eta:   +0.027     -0.016     -0.013     -0.044     -0.016      +0.442      +0.599      +0.442      +0.516      +0.002      -0.018      +0.038      -0.015          -0.044          -0.452          +0.024               +0.063           -0.015           -0.010      +0.000       +0.387        -0.009      -0.024       +1.000        -0.015       -0.009        +0.735         -0.008
                         :        BDThiggs2invm:   +0.044     -0.060     +0.006     -0.111     -0.074      -0.065      -0.028      -0.011      -0.039      -0.026      -0.017      +0.020      +0.014          +0.050          -0.006          +0.034               -0.065           -0.244           -0.202      -0.168       -0.026        +0.667      -0.043       -0.015        +1.000       -0.055        -0.051         -0.028
                         :         BDTdihiggspt:   -0.051     +0.551     +0.577     +0.584     +0.389      +0.026      -0.045      -0.027      +0.051      -0.050      -0.029      +0.033      +0.014          +0.578          +0.017          -0.025               -0.314           -0.163           -0.229      +0.651       +0.003        -0.113      +0.603       -0.009        -0.055       +1.000        -0.017         -0.049
                         :        BDTdihiggseta:   +0.010     -0.034     -0.078     -0.062     -0.024      +0.712      +0.628      +0.525      +0.386      -0.019      +0.001      +0.030      -0.062          -0.045          -0.692          -0.013               +0.076           -0.011           -0.010      -0.021       +0.760        +0.002      -0.061       +0.735        -0.051       -0.017        +1.000         -0.064
                         :       BDTdihiggsinvm:   -0.075     +0.554     +0.405     +0.381     +0.159      -0.033      +0.014      -0.116      -0.011      +0.062      +0.096      +0.089      +0.083          +0.060          +0.052          -0.114               +0.125           +0.675           +0.492      +0.467       -0.041        +0.164      +0.444       -0.008        -0.028       -0.049        -0.064         +1.000
                         : ---------------------------------------------------------------------------------------------------------------------------------------------------------------------------------------------------------------------------------------------------------------------------------------------------------------------------------------------------------------------------------------------------------
DataSetInfo              : Correlation matrix (Background):
                         : ---------------------------------------------------------------------------------------------------------------------------------------------------------------------------------------------------------------------------------------------------------------------------------------------------------------------------------------------------------------------------------------------------------
                         :                       BDTNjets BDTjet1pt1 BDTjet1pt2 BDTjet2pt1 BDTjet2pt2 BDTjet1eta1 BDTjet1eta2 BDTjet2eta1 BDTjet2eta2 BDTjet1phi1 BDTjet1phi2 BDTjet2phi1 BDTjet2phi2 BDTMissingETMET BDTMissingETEta BDTMissingETPhi DiHiggsMETDeltaTheta BDThiggsdeltaEta BDThiggsdeltaPhi BDThiggs1pt BDThiggs1eta BDThiggs1invm BDThiggs2pt BDThiggs2eta BDThiggs2invm BDTdihiggspt BDTdihiggseta BDTdihiggsinvm
                         :             BDTNjets:   +1.000     -0.057     -0.100     -0.109     -0.091      -0.020      -0.006      -0.097      -0.111      -0.026      -0.031      +0.040      +0.037          +0.008          -0.025          +0.105               +0.064           -0.083           -0.078      -0.089       -0.009        -0.007      -0.114       -0.021        +0.010       -0.095        -0.032         -0.081
                         :           BDTjet1pt1:   -0.057     +1.000     +0.602     +0.396     +0.098      -0.073      -0.095      -0.067      -0.042      -0.021      +0.005      +0.069      +0.008          +0.341          +0.125          -0.029               -0.001           +0.268           +0.376      +0.811       -0.032        +0.120      +0.578       -0.173        -0.182       +0.581        -0.128         +0.546
                         :           BDTjet1pt2:   -0.100     +0.602     +1.000     +0.595     +0.332      +0.020      -0.015      +0.033      -0.000      -0.030      +0.059      +0.004      -0.013          +0.202          +0.066          -0.122               +0.086           +0.008           +0.044      +0.691       +0.041        -0.040      +0.753       -0.084        -0.048       +0.605        -0.016         +0.447
                         :           BDTjet2pt1:   -0.109     +0.396     +0.595     +1.000     +0.620      +0.074      +0.081      +0.071      +0.007      +0.092      +0.122      -0.047      -0.051          +0.008          -0.016          -0.112               +0.095           +0.078           +0.066      +0.637       +0.080        -0.184      +0.655       +0.004        -0.276       +0.532        +0.048         +0.358
                         :           BDTjet2pt2:   -0.091     +0.098     +0.332     +0.620     +1.000      +0.112      +0.097      +0.113      +0.104      +0.081      +0.099      +0.006      +0.042          +0.081          -0.102          -0.122               +0.018           -0.153           -0.179      +0.326       +0.100        -0.388      +0.525       +0.084        -0.230       +0.571        +0.101         -0.074
                         :          BDTjet1eta1:   -0.020     -0.073     +0.020     +0.074     +0.112      +1.000      +0.591      +0.246      +0.277      +0.084      -0.021      +0.005      -0.067          +0.011          -0.584          -0.060               +0.010           -0.082           +0.015      -0.004       +0.793        -0.017      -0.011       +0.531        -0.001       +0.035        +0.782         -0.090
                         :          BDTjet1eta2:   -0.006     -0.095     -0.015     +0.081     +0.097      +0.591      +1.000      +0.375      +0.185      +0.025      -0.015      +0.009      +0.035          -0.013          -0.450          -0.055               +0.031           -0.018           -0.041      -0.047       +0.583        -0.091      +0.030       +0.737        -0.010       +0.027        +0.639         -0.037
                         :          BDTjet2eta1:   -0.097     -0.067     +0.033     +0.071     +0.113      +0.246      +0.375      +1.000      +0.601      -0.064      -0.120      -0.004      +0.078          -0.010          -0.450          -0.128               +0.001           -0.050           -0.050      -0.056       +0.543        +0.001      +0.087       +0.678        +0.083       +0.033        +0.597         -0.004
                         :          BDTjet2eta2:   -0.111     -0.042     -0.000     +0.007     +0.104      +0.277      +0.185      +0.601      +1.000      -0.156      -0.107      +0.057      +0.039          +0.044          -0.453          -0.077               -0.017           -0.113           -0.040      +0.014       +0.506        +0.001      -0.018       +0.575        +0.048       +0.083        +0.548         -0.115
                         :          BDTjet1phi1:   -0.026     -0.021     -0.030     +0.092     +0.081      +0.084      +0.025      -0.064      -0.156      +1.000      +0.366      -0.088      -0.064          +0.017          +0.013          -0.306               -0.116           -0.057           +0.040      +0.044       +0.013        -0.047      -0.047       +0.016        -0.021       +0.052        +0.008         -0.056
                         :          BDTjet1phi2:   -0.031     +0.005     +0.059     +0.122     +0.099      -0.021      -0.015      -0.120      -0.107      +0.366      +1.000      +0.057      -0.048          +0.012          +0.054          -0.142               +0.019           +0.042           -0.046      +0.064       -0.019        -0.088      +0.031       -0.076        -0.102       -0.005        -0.063         +0.069
                         :          BDTjet2phi1:   +0.040     +0.069     +0.004     -0.047     +0.006      +0.005      +0.009      -0.004      +0.057      -0.088      +0.057      +1.000      +0.530          +0.122          +0.007          -0.044               -0.102           -0.004           -0.056      +0.072       +0.021        -0.023      +0.022       +0.019        -0.104       +0.085        +0.001         -0.012
                         :          BDTjet2phi2:   +0.037     +0.008     -0.013     -0.051     +0.042      -0.067      +0.035      +0.078      +0.039      -0.064      -0.048      +0.530      +1.000          +0.117          +0.009          -0.026               -0.019           -0.116           -0.048      +0.015       -0.072        -0.006      +0.025       +0.083        +0.038       +0.059        -0.003         -0.090
                         :      BDTMissingETMET:   +0.008     +0.341     +0.202     +0.008     +0.081      +0.011      -0.013      -0.010      +0.044      +0.017      +0.012      +0.122      +0.117          +1.000          +0.024          -0.071               -0.328           -0.135           -0.145      +0.249       -0.012        +0.050      +0.233       -0.035        +0.045       +0.443        -0.050         -0.033
                         :      BDTMissingETEta:   -0.025     +0.125     +0.066     -0.016     -0.102      -0.584      -0.450      -0.450      -0.453      +0.013      +0.054      +0.007      +0.009          +0.024          +1.000          -0.011               -0.058           +0.042           +0.010      +0.074       -0.606        +0.022      +0.066       -0.566        -0.041       +0.040        -0.747         +0.080
                         :      BDTMissingETPhi:   +0.105     -0.029     -0.122     -0.112     -0.122      -0.060      -0.055      -0.128      -0.077      -0.306      -0.142      -0.044      -0.026          -0.071          -0.011          +1.000               +0.129           +0.113           +0.128      -0.094       -0.055        -0.032      -0.105       -0.130        -0.067       -0.144        -0.104         -0.004
                         : DiHiggsMETDeltaTheta:   +0.064     -0.001     +0.086     +0.095     +0.018      +0.010      +0.031      +0.001      -0.017      -0.116      +0.019      -0.102      -0.019          -0.328          -0.058          +0.129               +1.000           +0.106           +0.228      -0.033       +0.015        +0.044      +0.053       -0.001        -0.005       -0.158        +0.011         +0.154
                         :     BDThiggsdeltaEta:   -0.083     +0.268     +0.008     +0.078     -0.153      -0.082      -0.018      -0.050      -0.113      -0.057      +0.042      -0.004      -0.116          -0.135          +0.042          +0.113               +0.106           +1.000           +0.481      +0.233       -0.067        +0.052      +0.036       -0.089        -0.320       -0.143        -0.037         +0.634
                         :     BDThiggsdeltaPhi:   -0.078     +0.376     +0.044     +0.066     -0.179      +0.015      -0.041      -0.050      -0.040      +0.040      -0.046      -0.056      -0.048          -0.145          +0.010          +0.128               +0.228           +0.481           +1.000      +0.281       -0.036        +0.140      +0.032       -0.038        -0.284       -0.116        -0.000         +0.394
                         :          BDThiggs1pt:   -0.089     +0.811     +0.691     +0.637     +0.326      -0.004      -0.047      -0.056      +0.014      +0.044      +0.064      +0.072      +0.015          +0.249          +0.074          -0.094               -0.033           +0.233           +0.281      +1.000       -0.005        -0.122      +0.521       -0.132        -0.323       +0.674        -0.065         +0.486
                         :         BDThiggs1eta:   -0.009     -0.032     +0.041     +0.080     +0.100      +0.793      +0.583      +0.543      +0.506      +0.013      -0.019      +0.021      -0.072          -0.012          -0.606          -0.055               +0.015           -0.067           -0.036      -0.005       +1.000        -0.015      +0.042       +0.613        +0.024       +0.005        +0.863         +0.031
                         :        BDThiggs1invm:   -0.007     +0.120     -0.040     -0.184     -0.388      -0.017      -0.091      +0.001      +0.001      -0.047      -0.088      -0.023      -0.006          +0.050          +0.022          -0.032               +0.044           +0.052           +0.140      -0.122       -0.015        +1.000      -0.138       +0.029        +0.624       -0.143        +0.010         +0.125
                         :          BDThiggs2pt:   -0.114     +0.578     +0.753     +0.655     +0.525      -0.011      +0.030      +0.087      -0.018      -0.047      +0.031      +0.022      +0.025          +0.233          +0.066          -0.105               +0.053           +0.036           +0.032      +0.521       +0.042        -0.138      +1.000       -0.063        -0.177       +0.670        -0.022         +0.419
                         :         BDThiggs2eta:   -0.021     -0.173     -0.084     +0.004     +0.084      +0.531      +0.737      +0.678      +0.575      +0.016      -0.076      +0.019      +0.083          -0.035          -0.566          -0.130               -0.001           -0.089           -0.038      -0.132       +0.613        +0.029      -0.063       +1.000        +0.131       -0.011        +0.788         -0.153
                         :        BDThiggs2invm:   +0.010     -0.182     -0.048     -0.276     -0.230      -0.001      -0.010      +0.083      +0.048      -0.021      -0.102      -0.104      +0.038          +0.045          -0.041          -0.067               -0.005           -0.320           -0.284      -0.323       +0.024        +0.624      -0.177       +0.131        +1.000       -0.166        +0.034         -0.065
                         :         BDTdihiggspt:   -0.095     +0.581     +0.605     +0.532     +0.571      +0.035      +0.027      +0.033      +0.083      +0.052      -0.005      +0.085      +0.059          +0.443          +0.040          -0.144               -0.158           -0.143           -0.116      +0.674       +0.005        -0.143      +0.670       -0.011        -0.166       +1.000        -0.037         -0.031
                         :        BDTdihiggseta:   -0.032     -0.128     -0.016     +0.048     +0.101      +0.782      +0.639      +0.597      +0.548      +0.008      -0.063      +0.001      -0.003          -0.050          -0.747          -0.104               +0.011           -0.037           -0.000      -0.065       +0.863        +0.010      -0.022       +0.788        +0.034       -0.037        +1.000         -0.049
                         :       BDTdihiggsinvm:   -0.081     +0.546     +0.447     +0.358     -0.074      -0.090      -0.037      -0.004      -0.115      -0.056      +0.069      -0.012      -0.090          -0.033          +0.080          -0.004               +0.154           +0.634           +0.394      +0.486       +0.031        +0.125      +0.419       -0.153        -0.065       -0.031        -0.049         +1.000
                         : ---------------------------------------------------------------------------------------------------------------------------------------------------------------------------------------------------------------------------------------------------------------------------------------------------------------------------------------------------------------------------------------------------------
DataSetFactory           : [dataset] :  
                         : 
Factory                  : [1mTrain all methods[0m
Factory                  : [dataset] : Create Transformation "I" with events from all classes.
                         : 
                         : Transformation, Variable selection : 
                         : Input : variable 'BDTNjets' <---> Output : variable 'BDTNjets'
                         : Input : variable 'BDTjet1pt1' <---> Output : variable 'BDTjet1pt1'
                         : Input : variable 'BDTjet1pt2' <---> Output : variable 'BDTjet1pt2'
                         : Input : variable 'BDTjet2pt1' <---> Output : variable 'BDTjet2pt1'
                         : Input : variable 'BDTjet2pt2' <---> Output : variable 'BDTjet2pt2'
                         : Input : variable 'BDTjet1eta1' <---> Output : variable 'BDTjet1eta1'
                         : Input : variable 'BDTjet1eta2' <---> Output : variable 'BDTjet1eta2'
                         : Input : variable 'BDTjet2eta1' <---> Output : variable 'BDTjet2eta1'
                         : Input : variable 'BDTjet2eta2' <---> Output : variable 'BDTjet2eta2'
                         : Input : variable 'BDTjet1phi1' <---> Output : variable 'BDTjet1phi1'
                         : Input : variable 'BDTjet1phi2' <---> Output : variable 'BDTjet1phi2'
                         : Input : variable 'BDTjet2phi1' <---> Output : variable 'BDTjet2phi1'
                         : Input : variable 'BDTjet2phi2' <---> Output : variable 'BDTjet2phi2'
                         : Input : variable 'BDTMissingETMET' <---> Output : variable 'BDTMissingETMET'
                         : Input : variable 'BDTMissingETEta' <---> Output : variable 'BDTMissingETEta'
                         : Input : variable 'BDTMissingETPhi' <---> Output : variable 'BDTMissingETPhi'
                         : Input : variable 'DiHiggsMETDeltaTheta' <---> Output : variable 'DiHiggsMETDeltaTheta'
                         : Input : variable 'BDThiggsdeltaEta' <---> Output : variable 'BDThiggsdeltaEta'
                         : Input : variable 'BDThiggsdeltaPhi' <---> Output : variable 'BDThiggsdeltaPhi'
                         : Input : variable 'BDThiggs1pt' <---> Output : variable 'BDThiggs1pt'
                         : Input : variable 'BDThiggs1eta' <---> Output : variable 'BDThiggs1eta'
                         : Input : variable 'BDThiggs1invm' <---> Output : variable 'BDThiggs1invm'
                         : Input : variable 'BDThiggs2pt' <---> Output : variable 'BDThiggs2pt'
                         : Input : variable 'BDThiggs2eta' <---> Output : variable 'BDThiggs2eta'
                         : Input : variable 'BDThiggs2invm' <---> Output : variable 'BDThiggs2invm'
                         : Input : variable 'BDTdihiggspt' <---> Output : variable 'BDTdihiggspt'
                         : Input : variable 'BDTdihiggseta' <---> Output : variable 'BDTdihiggseta'
                         : Input : variable 'BDTdihiggsinvm' <---> Output : variable 'BDTdihiggsinvm'
TFHandler_Factory        :             Variable                    Mean                    RMS            [        Min                    Max ]
                         : -----------------------------------------------------------------------------------------------------------------------
                         :             BDTNjets:                4.0746               0.27761   [                4.0000                6.0000 ]
                         :           BDTjet1pt1:                109.50                68.251   [                24.333                419.57 ]
                         :           BDTjet1pt2:                79.185                44.690   [                23.315                365.31 ]
                         :           BDTjet2pt1:                49.010                33.035   [                20.158                347.41 ]
                         :           BDTjet2pt2:                37.397                21.225   [                20.007                224.48 ]
                         :          BDTjet1eta1:              0.076509                1.2423   [               -2.3535                2.4519 ]
                         :          BDTjet1eta2:               0.11203                1.2507   [               -2.3722                2.4695 ]
                         :          BDTjet2eta1:              0.042725                1.2472   [               -2.3856                2.4713 ]
                         :          BDTjet2eta2:              0.085532                1.3141   [               -2.4238                2.4650 ]
                         :          BDTjet1phi1:              0.086455                1.8437   [               -3.1384                3.1360 ]
                         :          BDTjet1phi2:              0.089173                1.8708   [               -3.1194                3.1294 ]
                         :          BDTjet2phi1:               0.10952                1.8322   [               -3.1269                3.1401 ]
                         :          BDTjet2phi2:              0.034015                1.8524   [               -3.1034                3.1341 ]
                         :      BDTMissingETMET:                141.47                100.82   [                1.4865                691.06 ]
                         :      BDTMissingETEta:              -0.13409                1.7668   [               -5.2946                4.6846 ]
                         :      BDTMissingETPhi:              -0.15503                1.7716   [               -3.1329                3.1232 ]
                         : DiHiggsMETDeltaTheta:                1.7477               0.89187   [              0.010352                3.1098 ]
                         :     BDThiggsdeltaEta:               0.95233                1.2618   [                0.0000                6.7506 ]
                         :     BDThiggsdeltaPhi:                1.3227                1.6382   [                0.0000                5.9966 ]
                         :          BDThiggs1pt:                115.36                95.754   [                1.7352                730.63 ]
                         :         BDThiggs1eta:               0.11677                1.5334   [               -4.5245                4.2022 ]
                         :        BDThiggs1invm:                118.00                25.009   [                13.659                202.45 ]
                         :          BDThiggs2pt:                92.543                75.684   [                1.6421                448.97 ]
                         :         BDThiggs2eta:               0.11202                1.5865   [               -4.5245                3.9796 ]
                         :        BDThiggs2invm:                102.21                25.195   [                13.659                169.96 ]
                         :         BDTdihiggspt:                157.66                123.26   [                3.3899                1079.5 ]
                         :        BDTdihiggseta:               0.13996                1.6492   [               -4.5245                4.9494 ]
                         :       BDTdihiggsinvm:                332.42                210.17   [                27.318                1731.3 ]
                         : -----------------------------------------------------------------------------------------------------------------------
                         : [32m
                         : <PlotVariables> Will not produce scatter plots ==> 
                         : |  The number of 28 input variables and 0 target values would require 378 two-dimensional
                         : |  histograms, which would occupy the computer's memory. Note that this
                         : |  suppression does not have any consequences for your analysis, other
                         : |  than not disposing of these scatter plots. You can modify the maximum
                         : |  number of input variables allowed to generate scatter plots in your
                         : |  script via the command line:
                         : |  "(TMVA::gConfig().GetVariablePlotting()).fMaxNumOfAllowedVariablesForScatterPlots = <some int>;"[0m
                         : 
                         : Some more output
                         : Ranking input variables (method unspecific)...
IdTransformation         : Ranking result (top variable is best ranked)
                         : ---------------------------------------------
                         : Rank : Variable             : Separation
                         : ---------------------------------------------
                         :    1 : BDThiggs2invm        : 1.225e-01
                         :    2 : BDThiggsdeltaPhi     : 9.617e-02
                         :    3 : BDThiggs1invm        : 9.592e-02
                         :    4 : BDTMissingETMET      : 9.390e-02
                         :    5 : BDTdihiggsinvm       : 8.362e-02
                         :    6 : BDTdihiggseta        : 8.330e-02
                         :    7 : BDTMissingETPhi      : 8.071e-02
                         :    8 : BDTMissingETEta      : 7.827e-02
