nohup: ignoring input

Processing Delphes_HH.C("delphes_dhiggs_sig_10k.root","delphes_dhiggs_bkg2v4b_10k.root","delphes_dhiggs_bkgvvbbh_10k.root","delphes_dhiggs_bkgvvbbz_10k.root","delphes_dhiggs_sig+bkg_pairmass.root","/nfs_scratch/hjia38/ttbar_w_hadron.root","ttbar_w_hadron_Cali.root")...

Calling Calibration algorithm...

Initiating Calibration...

Calibration's result:
Jet Energy Calibration gives following Jet Energy Response:
1, 0.98, 0.96, 0.96, 0.96, 0.96, 0.96, 0.96, 0.97, 0.99, 
1.02, 0.96, 0.94, 0.95, 1, 0.97, 0.96, 0.94, 0.94, 0.99, 
1.01, 0.97, 0.95, 0.97, 0.96, 1.01, 0.98, 0.95, 0.93, 0.97, 
0.99, 0.95, 0.96, 0.99, 0.97, 0.98, 0.95, 0.97, 0.94, 0.96, 
0.99, 0.95, 1.01, 0.97, 0.96, 0.97, 0.98, 0.97, 0.94, 0.96, 
0.97, 0.94, 0.96, 0.98, 1, 0.99, 0.98, 0.96, 0.96, 0.95, 
0.95, 0.96, 0.98, 0.99, 0.99, 1.03, 0.99, 0.98, 0.97, 0.95, 
0.95, 0.97, 0.99, 1, 0.99, 1, 0.99, 0.97, 0.99, 0.95, 
0.93, 0.98, 0.99, 0.99, 1, 1, 1, 1, 0.99, 0.94, 
0.89, 0.97, 0.98, 0.98, 0.99, 0.98, 0.98, 0.98, 0.98, 0.9, 

Number of Jets included in calculation
0, 1084, 1776, 1492, 1429, 1302, 1438, 1653, 1747, 191, 
1, 326, 100, 80, 80, 75, 80, 89, 206, 178, 
19, 356, 114, 90, 82, 66, 82, 103, 198, 230, 
47, 352, 129, 92, 88, 113, 99, 101, 179, 297, 
112, 346, 148, 111, 105, 101, 112, 132, 197, 306, 
160, 422, 167, 173, 146, 133, 153, 170, 236, 446, 
340, 578, 270, 215, 221, 241, 227, 223, 388, 655, 
499, 784, 506, 376, 336, 370, 370, 397, 600, 854, 
705, 1389, 1008, 823, 757, 713, 748, 887, 1139, 1490, 
720, 1497, 1339, 1244, 1145, 1076, 1191, 1307, 1516, 1476, 

Calibration all done! Quit...

///////////////////////////////////////////////////
Initiating pairing algorithm...
Create dataset for Boosting Decision Tress training....
Done

///////////////////////////////////////////////////
Initiating pairing algorithm...
Create dataset for Boosting Decision Tress training....
Done

///////////////////////////////////////////////////
Initiating pairing algorithm...
Create dataset for Boosting Decision Tress training....
Done

///////////////////////////////////////////////////
Initiating pairing algorithm...
Create dataset for Boosting Decision Tress training....
Done
Initating TMVA for Multi-Variate Analysis....
create data set info dataset
DataSetInfo              : [dataset] : Added class "Signal"
                         : Add Tree tree_BDT_sig of type Signal with 3914 events
DataSetInfo              : [dataset] : Added class "Background"
                         : Add Tree tree_BDT_bkg3 of type Background with 2544 events
Factory                  : Booking method: [1mBDT_RealAdaBoost[0m
                         : 
                         : Building event vectors for type 2 Signal
                         : Dataset[dataset] :  create input formulas for tree tree_BDT_sig
                         : Building event vectors for type 2 Background
                         : Dataset[dataset] :  create input formulas for tree tree_BDT_bkg3
DataSetFactory           : [dataset] : Number of events in input trees
                         : 
                         : 
                         : Dataset[dataset] : Weight renormalisation mode: "EqualNumEvents": renormalises all event classes ...
                         : Dataset[dataset] :  such that the effective (weighted) number of events in each class is the same 
                         : Dataset[dataset] :  (and equals the number of events (entries) given for class=0 )
                         : Dataset[dataset] : ... i.e. such that Sum[i=1..N_j]{w_i} = N_classA, j=classA, classB, ...
                         : Dataset[dataset] : ... (note that N_j is the sum of TRAINING events
                         : Dataset[dataset] :  ..... Testing events are not renormalised nor included in the renormalisation factor!)
                         : Number of training and testing events
                         : ---------------------------------------------------------------------------
                         : Signal     -- training events            : 1957
                         : Signal     -- testing events             : 1957
                         : Signal     -- training and testing events: 3914
                         : Background -- training events            : 1272
                         : Background -- testing events             : 1272
                         : Background -- training and testing events: 2544
                         : 
DataSetInfo              : Correlation matrix (Signal):
                         : ---------------------------------------------------------------------------------------------------------------------------------------------------------------------------------------------------------------------------------------------------------------------------------------------------------------------------------------------------------------------------------------------------------------------------------------------------------------------
                         :                       BDTNjets BDTjet1pt1 BDTjet1pt2 BDTjet2pt1 BDTjet2pt2 BDTjet1eta1 BDTjet1eta2 BDTjet2eta1 BDTjet2eta2 BDTjet1phi1 BDTjet1phi2 BDTjet2phi1 BDTjet2phi2 BDTjet1BTag1 BDTjet1BTag2 BDTjet2BTag1 BDTjet2BTag2 BDTMissingETMET BDTMissingETEta BDTMissingETPhi   NBTag DiHiggsMETDeltaTheta BDThiggsdeltaEta BDThiggsdeltaPhi BDThiggs1pt BDThiggs1eta BDThiggs1invm BDThiggs2pt BDThiggs2eta BDThiggs2invm BDTdihiggspt BDTdihiggseta BDTdihiggsinvm
                         :             BDTNjets:   +1.000     -0.100     -0.130     -0.157     -0.202      +0.019      +0.031      +0.039      +0.012      -0.008      +0.012      +0.001      -0.025       -0.092       -0.064       -0.106       -0.129          -0.014          -0.019          -0.009  -0.141               -0.028           -0.051           -0.004      -0.121       +0.050        +0.056      -0.127       +0.046        +0.049       -0.081        +0.045         -0.095
                         :           BDTjet1pt1:   -0.100     +1.000     +0.692     +0.491     +0.268      -0.015      -0.011      +0.035      +0.054      -0.000      +0.029      -0.022      +0.012       +0.052       +0.058       +0.104       +0.086          +0.393          -0.022          +0.008  +0.108               -0.009           +0.216           +0.301      +0.826       +0.007        +0.047      +0.691       +0.033        -0.055       +0.544        +0.040         +0.565
                         :           BDTjet1pt2:   -0.130     +0.692     +1.000     +0.608     +0.413      -0.045      -0.023      +0.002      +0.022      -0.030      -0.017      -0.026      -0.028       +0.045       +0.080       +0.103       +0.125          +0.275          -0.007          +0.011  +0.128               +0.006           +0.058           +0.125      +0.737       -0.023        -0.025      +0.751       +0.005        +0.073       +0.488        +0.018         +0.503
                         :           BDTjet2pt1:   -0.157     +0.491     +0.608     +1.000     +0.662      -0.004      -0.023      -0.000      +0.012      -0.015      +0.011      +0.019      +0.007       +0.071       +0.113       +0.158       +0.124          +0.195          +0.010          -0.029  +0.168               +0.035           +0.156           +0.161      +0.609       -0.006        -0.067      +0.661       +0.006        -0.053       +0.434        +0.006         +0.465
                         :           BDTjet2pt2:   -0.202     +0.268     +0.413     +0.662     +1.000      -0.019      -0.010      +0.004      -0.024      -0.047      +0.011      +0.001      +0.009       +0.038       +0.085       +0.143       +0.146          +0.089          +0.008          -0.006  +0.149               +0.052           +0.009           +0.004      +0.404       -0.009        -0.166      +0.494       -0.011        +0.019       +0.306        -0.009         +0.264
                         :          BDTjet1eta1:   +0.019     -0.015     -0.045     -0.004     -0.019      +1.000      +0.318      +0.035      +0.039      -0.029      +0.008      -0.006      +0.014       -0.002       +0.015       -0.020       -0.022          -0.028          -0.457          -0.005  -0.011               -0.011           -0.008           -0.040      +0.004       +0.638        +0.007      -0.008       +0.356        +0.013       +0.014        +0.666         -0.000
                         :          BDTjet1eta2:   +0.031     -0.011     -0.023     -0.023     -0.010      +0.318      +1.000      +0.144      -0.031      -0.021      +0.028      -0.015      +0.007       +0.017       +0.003       +0.012       +0.002          -0.056          -0.391          -0.013  +0.012               +0.009           +0.029           +0.001      +0.008       +0.459        +0.019      -0.015       +0.554        -0.029       -0.029        +0.557         +0.023
                         :          BDTjet2eta1:   +0.039     +0.035     +0.002     -0.000     +0.004      +0.035      +0.144      +1.000      +0.330      -0.005      +0.019      +0.022      +0.009       -0.012       -0.023       +0.004       -0.024          -0.021          -0.379          -0.006  -0.020               +0.011           -0.001           -0.005      +0.018       +0.414        +0.010      +0.011       +0.403        -0.025       +0.003        +0.465         -0.016
                         :          BDTjet2eta2:   +0.012     +0.054     +0.022     +0.012     -0.024      +0.039      -0.031      +0.330      +1.000      +0.013      +0.022      +0.011      +0.016       -0.013       +0.004       -0.000       +0.002          -0.025          -0.369          -0.018  -0.003               +0.021           +0.051           +0.010      +0.033       +0.156        -0.059      +0.034       +0.519        -0.067       +0.015        +0.358         +0.059
                         :          BDTjet1phi1:   -0.008     -0.000     -0.030     -0.015     -0.047      -0.029      -0.021      -0.005      +0.013      +1.000      +0.264      -0.064      -0.032       -0.000       +0.019       -0.004       -0.036          -0.006          +0.016          -0.265  -0.008               +0.007           +0.026           +0.025      -0.016       -0.029        +0.030      -0.023       -0.009        +0.012       -0.040        -0.007         +0.004
                         :          BDTjet1phi2:   +0.012     +0.029     -0.017     +0.011     +0.011      +0.008      +0.028      +0.019      +0.022      +0.264      +1.000      +0.079      -0.052       +0.018       +0.003       -0.024       +0.011          +0.028          -0.023          -0.126  +0.003               -0.022           +0.026           +0.010      +0.016       +0.020        +0.018      +0.001       +0.019        +0.020       -0.002        +0.026         +0.027
                         :          BDTjet2phi1:   +0.001     -0.022     -0.026     +0.019     +0.001      -0.006      -0.015      +0.022      +0.011      -0.064      +0.079      +1.000      +0.339       -0.019       -0.032       -0.007       -0.018          +0.011          -0.026          -0.103  -0.027               -0.008           +0.016           +0.029      +0.000       -0.009        +0.006      -0.030       -0.001        -0.018       -0.002        -0.000         -0.007
                         :          BDTjet2phi2:   -0.025     +0.012     -0.028     +0.007     +0.009      +0.014      +0.007      +0.009      +0.016      -0.032      -0.052      +0.339      +1.000       -0.023       -0.040       -0.016       -0.002          +0.014          -0.046          -0.076  -0.029               -0.012           +0.034           +0.016      +0.014       +0.032        +0.032      -0.009       +0.001        -0.004       -0.023        +0.032         +0.029
                         :         BDTjet1BTag1:   -0.092     +0.052     +0.045     +0.071     +0.038      -0.002      +0.017      -0.012      -0.013      -0.000      +0.018      -0.019      -0.023       +1.000       +0.470       +0.231       +0.210          +0.021          -0.006          -0.048  +0.681               +0.006           +0.066           +0.035      +0.014       +0.006        +0.054      +0.053       -0.003        +0.056       +0.035        -0.018         +0.058
                         :         BDTjet1BTag2:   -0.064     +0.058     +0.080     +0.113     +0.085      +0.015      +0.003      -0.023      +0.004      +0.019      +0.003      -0.032      -0.040       +0.470       +1.000       +0.277       +0.202          +0.057          -0.017          -0.016  +0.699               -0.044           +0.032           -0.002      +0.035       +0.001        -0.002      +0.075       -0.005        +0.088       +0.050        +0.007         +0.061
                         :         BDTjet2BTag1:   -0.106     +0.104     +0.103     +0.158     +0.143      -0.020      +0.012      +0.004      -0.000      -0.004      -0.024      -0.007      -0.016       +0.231       +0.277       +1.000       +0.471          +0.040          -0.003          -0.006  +0.716               +0.015           +0.092           +0.038      +0.093       -0.001        -0.031      +0.127       -0.003        +0.027       +0.071        +0.003         +0.109
                         :         BDTjet2BTag2:   -0.129     +0.086     +0.125     +0.124     +0.146      -0.022      +0.002      -0.024      +0.002      -0.036      +0.011      -0.018      -0.002       +0.210       +0.202       +0.471       +1.000          +0.061          +0.021          -0.022  +0.683               +0.034           +0.079           +0.003      +0.103       -0.002        -0.060      +0.105       -0.026        +0.089       +0.062        -0.014         +0.122
                         :      BDTMissingETMET:   -0.014     +0.393     +0.275     +0.195     +0.089      -0.028      -0.056      -0.021      -0.025      -0.006      +0.028      +0.011      +0.014       +0.021       +0.057       +0.040       +0.061          +1.000          +0.030          +0.025  +0.065               -0.283           -0.082           -0.178      +0.375       -0.037        +0.007      +0.248       -0.029        +0.034       +0.608        -0.044         +0.050
                         :      BDTMissingETEta:   -0.019     -0.022     -0.007     +0.010     +0.008      -0.457      -0.391      -0.379      -0.369      +0.016      -0.023      -0.026      -0.046       -0.006       -0.017       -0.003       +0.021          +0.030          +1.000          +0.026  -0.002               -0.004           -0.022           +0.029      -0.021       -0.533        +0.020      -0.024       -0.490        +0.008       +0.009        -0.760         -0.052
                         :      BDTMissingETPhi:   -0.009     +0.008     +0.011     -0.029     -0.006      -0.005      -0.013      -0.006      -0.018      -0.265      -0.126      -0.103      -0.076       -0.048       -0.016       -0.006       -0.022          +0.025          +0.026          +1.000  -0.033               +0.011           -0.012           +0.003      +0.027       -0.018        +0.014      -0.010       -0.013        +0.003       +0.022        -0.030         +0.009
                         :                NBTag:   -0.141     +0.108     +0.128     +0.168     +0.149      -0.011      +0.012      -0.020      -0.003      -0.008      +0.003      -0.027      -0.029       +0.681       +0.699       +0.716       +0.683          +0.065          -0.002          -0.033  +1.000               +0.004           +0.097           +0.027      +0.089       +0.001        -0.015      +0.130       -0.013        +0.093       +0.079        -0.008         +0.126
                         : DiHiggsMETDeltaTheta:   -0.028     -0.009     +0.006     +0.035     +0.052      -0.011      +0.009      +0.011      +0.021      +0.007      -0.022      -0.008      -0.012       +0.006       -0.044       +0.015       +0.034          -0.283          -0.004          +0.011  +0.004               +1.000           +0.073           +0.211      -0.024       -0.008        -0.034      -0.013       +0.004        -0.076       -0.242        +0.011         +0.091
                         :     BDThiggsdeltaEta:   -0.051     +0.216     +0.058     +0.156     +0.009      -0.008      +0.029      -0.001      +0.051      +0.026      +0.026      +0.016      +0.034       +0.066       +0.032       +0.092       +0.079          -0.082          -0.022          -0.012  +0.097               +0.073           +1.000           +0.481      +0.189       +0.006        +0.021      +0.040       +0.028        -0.277       -0.131        +0.054         +0.635
                         :     BDThiggsdeltaPhi:   -0.004     +0.301     +0.125     +0.161     +0.004      -0.040      +0.001      -0.005      +0.010      +0.025      +0.010      +0.029      +0.016       +0.035       -0.002       +0.038       +0.003          -0.178          +0.029          +0.003  +0.027               +0.211           +0.481           +1.000      +0.245       -0.013        +0.073      +0.136       +0.002        -0.220       -0.218        -0.003         +0.396
                         :          BDThiggs1pt:   -0.121     +0.826     +0.737     +0.609     +0.404      +0.004      +0.008      +0.018      +0.033      -0.016      +0.016      +0.000      +0.014       +0.014       +0.035       +0.093       +0.103          +0.375          -0.021          +0.027  +0.089               -0.024           +0.189           +0.245      +1.000       +0.018        -0.121      +0.540       +0.029        -0.156       +0.581        +0.043         +0.541
                         :         BDThiggs1eta:   +0.050     +0.007     -0.023     -0.006     -0.009      +0.638      +0.459      +0.414      +0.156      -0.029      +0.020      -0.009      +0.032       +0.006       +0.001       -0.001       -0.002          -0.037          -0.533          -0.018  +0.001               -0.008           +0.006           -0.013      +0.018       +1.000        +0.014      -0.002       +0.299        -0.000       +0.023        +0.739         -0.014
                         :        BDThiggs1invm:   +0.056     +0.047     -0.025     -0.067     -0.166      +0.007      +0.019      +0.010      -0.059      +0.030      +0.018      +0.006      +0.032       +0.054       -0.002       -0.031       -0.060          +0.007          +0.020          +0.014  -0.015               -0.034           +0.021           +0.073      -0.121       +0.014        +1.000      +0.023       -0.008        +0.533       -0.068        -0.009         +0.086
                         :          BDThiggs2pt:   -0.127     +0.691     +0.751     +0.661     +0.494      -0.008      -0.015      +0.011      +0.034      -0.023      +0.001      -0.030      -0.009       +0.053       +0.075       +0.127       +0.105          +0.248          -0.024          -0.010  +0.130               -0.013           +0.040           +0.136      +0.540       -0.002        +0.023      +1.000       +0.036        +0.031       +0.504        +0.039         +0.494
                         :         BDThiggs2eta:   +0.046     +0.033     +0.005     +0.006     -0.011      +0.356      +0.554      +0.403      +0.519      -0.009      +0.019      -0.001      +0.001       -0.003       -0.005       -0.003       -0.026          -0.029          -0.490          -0.013  -0.013               +0.004           +0.028           +0.002      +0.029       +0.299        -0.008      +0.036       +1.000        -0.049       +0.007        +0.674         +0.055
                         :        BDThiggs2invm:   +0.049     -0.055     +0.073     -0.053     +0.019      +0.013      -0.029      -0.025      -0.067      +0.012      +0.020      -0.018      -0.004       +0.056       +0.088       +0.027       +0.089          +0.034          +0.008          +0.003  +0.093               -0.076           -0.277           -0.220      -0.156       -0.000        +0.533      +0.031       -0.049        +1.000       -0.033        -0.032         -0.001
                         :         BDTdihiggspt:   -0.081     +0.544     +0.488     +0.434     +0.306      +0.014      -0.029      +0.003      +0.015      -0.040      -0.002      -0.002      -0.023       +0.035       +0.050       +0.071       +0.062          +0.608          +0.009          +0.022  +0.079               -0.242           -0.131           -0.218      +0.581       +0.023        -0.068      +0.504       +0.007        -0.033       +1.000        +0.003         +0.015
                         :        BDTdihiggseta:   +0.045     +0.040     +0.018     +0.006     -0.009      +0.666      +0.557      +0.465      +0.358      -0.007      +0.026      -0.000      +0.032       -0.018       +0.007       +0.003       -0.014          -0.044          -0.760          -0.030  -0.008               +0.011           +0.054           -0.003      +0.043       +0.739        -0.009      +0.039       +0.674        -0.032       +0.003        +1.000         +0.064
                         :       BDTdihiggsinvm:   -0.095     +0.565     +0.503     +0.465     +0.264      -0.000      +0.023      -0.016      +0.059      +0.004      +0.027      -0.007      +0.029       +0.058       +0.061       +0.109       +0.122          +0.050          -0.052          +0.009  +0.126               +0.091           +0.635           +0.396      +0.541       -0.014        +0.086      +0.494       +0.055        -0.001       +0.015        +0.064         +1.000
                         : ---------------------------------------------------------------------------------------------------------------------------------------------------------------------------------------------------------------------------------------------------------------------------------------------------------------------------------------------------------------------------------------------------------------------------------------------------------------------
DataSetInfo              : Correlation matrix (Background):
                         : ---------------------------------------------------------------------------------------------------------------------------------------------------------------------------------------------------------------------------------------------------------------------------------------------------------------------------------------------------------------------------------------------------------------------------------------------------------------------
                         :                       BDTNjets BDTjet1pt1 BDTjet1pt2 BDTjet2pt1 BDTjet2pt2 BDTjet1eta1 BDTjet1eta2 BDTjet2eta1 BDTjet2eta2 BDTjet1phi1 BDTjet1phi2 BDTjet2phi1 BDTjet2phi2 BDTjet1BTag1 BDTjet1BTag2 BDTjet2BTag1 BDTjet2BTag2 BDTMissingETMET BDTMissingETEta BDTMissingETPhi   NBTag DiHiggsMETDeltaTheta BDThiggsdeltaEta BDThiggsdeltaPhi BDThiggs1pt BDThiggs1eta BDThiggs1invm BDThiggs2pt BDThiggs2eta BDThiggs2invm BDTdihiggspt BDTdihiggseta BDTdihiggsinvm
                         :             BDTNjets:   +1.000     -0.069     -0.061     -0.082     -0.122      -0.035      -0.032      -0.001      +0.020      -0.011      -0.016      -0.010      +0.000       -0.078       -0.076       -0.067       -0.043          -0.031          -0.035          -0.036  -0.120               -0.040           -0.022           -0.013      -0.070       -0.025        -0.009      -0.073       -0.007        -0.025       -0.046        -0.032         -0.086
                         :           BDTjet1pt1:   -0.069     +1.000     +0.647     +0.388     +0.173      +0.005      +0.027      +0.001      -0.018      -0.011      -0.041      +0.028      -0.015       +0.074       -0.024       +0.012       -0.008          +0.497          -0.009          +0.024  +0.024               -0.085           +0.185           +0.245      +0.848       -0.025        +0.065      +0.539       +0.016        -0.140       +0.708        +0.002         +0.492
                         :           BDTjet1pt2:   -0.061     +0.647     +1.000     +0.480     +0.283      +0.016      +0.022      +0.012      -0.017      -0.036      +0.016      +0.041      -0.013       +0.015       -0.010       +0.005       -0.044          +0.352          -0.004          +0.055  -0.016               -0.048           +0.047           +0.064      +0.701       -0.019        +0.020      +0.671       +0.020        +0.044       +0.689        +0.006         +0.451
                         :           BDTjet2pt1:   -0.082     +0.388     +0.480     +1.000     +0.646      +0.033      +0.054      +0.042      +0.050      -0.059      +0.011      -0.003      -0.040       +0.006       +0.017       +0.036       -0.037          +0.143          -0.046          +0.028  +0.010               +0.031           +0.181           +0.182      +0.502       +0.007        +0.008      +0.600       +0.070        -0.061       +0.389        +0.046         +0.505
                         :           BDTjet2pt2:   -0.122     +0.173     +0.283     +0.646     +1.000      +0.018      +0.028      +0.023      -0.006      -0.011      -0.026      -0.012      -0.002       +0.014       +0.042       +0.023       +0.010          +0.132          -0.004          +0.020  +0.040               -0.010           -0.020           -0.005      +0.263       +0.006        +0.037      +0.463       +0.010        +0.132       +0.357        +0.020         +0.182
                         :          BDTjet1eta1:   -0.035     +0.005     +0.016     +0.033     +0.018      +1.000      +0.475      +0.159      +0.157      +0.021      -0.019      -0.030      -0.042       -0.027       -0.018       -0.003       +0.012          +0.009          -0.586          -0.059  -0.017               +0.037           +0.007           -0.011      +0.018       +0.726        -0.017      +0.009       +0.496        -0.004       +0.022        +0.755         +0.005
                         :          BDTjet1eta2:   -0.032     +0.027     +0.022     +0.054     +0.028      +0.475      +1.000      +0.215      +0.085      -0.024      +0.032      -0.060      -0.036       +0.005       -0.003       +0.024       -0.002          +0.004          -0.490          -0.014  +0.011               +0.047           +0.034           +0.024      +0.023       +0.570        +0.006      +0.047       +0.649        -0.014       +0.023        +0.639         +0.033
                         :          BDTjet2eta1:   -0.001     +0.001     +0.012     +0.042     +0.023      +0.159      +0.215      +1.000      +0.448      -0.009      -0.013      -0.035      +0.018       +0.001       +0.009       -0.038       -0.023          +0.003          -0.495          -0.005  -0.023               +0.036           +0.012           +0.013      +0.019       +0.472        -0.036      +0.020       +0.499        -0.007       +0.017        +0.536         +0.019
                         :          BDTjet2eta2:   +0.020     -0.018     -0.017     +0.050     -0.006      +0.157      +0.085      +0.448      +1.000      -0.047      -0.018      -0.010      -0.006       -0.011       -0.035       -0.029       -0.063          -0.013          -0.429          -0.017  -0.063               -0.005           +0.000           +0.006      +0.019       +0.331        +0.005      -0.042       +0.537        -0.010       -0.009        +0.441         -0.027
                         :          BDTjet1phi1:   -0.011     -0.011     -0.036     -0.059     -0.011      +0.021      -0.024      -0.009      -0.047      +1.000      +0.408      -0.060      -0.074       +0.023       +0.059       -0.013       -0.010          +0.033          -0.003          -0.333  +0.027               -0.035           -0.049           -0.012      -0.027       +0.032        +0.028      -0.022       -0.025        +0.009       +0.031        +0.010         -0.073
                         :          BDTjet1phi2:   -0.016     -0.041     +0.016     +0.011     -0.026      -0.019      +0.032      -0.013      -0.018      +0.408      +1.000      +0.022      -0.118       +0.051       +0.043       -0.015       -0.008          -0.026          +0.024          -0.212  +0.032               -0.010           -0.011           +0.002      -0.016       +0.001        -0.034      +0.021       +0.019        -0.033       -0.022        -0.010         +0.021
                         :          BDTjet2phi1:   -0.010     +0.028     +0.041     -0.003     -0.012      -0.030      -0.060      -0.035      -0.010      -0.060      +0.022      +1.000      +0.375       +0.023       +0.027       +0.021       +0.036          -0.003          +0.063          -0.166  +0.048               -0.036           +0.044           -0.013      +0.031       -0.054        +0.020      +0.004       -0.032        -0.004       +0.011        -0.050         +0.036
                         :          BDTjet2phi2:   +0.000     -0.015     -0.013     -0.040     -0.002      -0.042      -0.036      +0.018      -0.006      -0.074      -0.118      +0.375      +1.000       +0.008       +0.034       +0.046       +0.034          +0.028          +0.061          -0.087  +0.056               +0.022           +0.026           -0.013      -0.019       -0.058        -0.010      -0.012       -0.013        +0.001       -0.002        -0.031         -0.011
                         :         BDTjet1BTag1:   -0.078     +0.074     +0.015     +0.006     +0.014      -0.027      +0.005      +0.001      -0.011      +0.023      +0.051      +0.023      +0.008       +1.000       +0.340       -0.076       -0.065          -0.013          +0.022          +0.008  +0.540               +0.064           +0.029           +0.053      +0.034       -0.019        +0.054      +0.022       -0.001        +0.033       +0.003        -0.012         +0.060
                         :         BDTjet1BTag2:   -0.076     -0.024     -0.010     +0.017     +0.042      -0.018      -0.003      +0.009      -0.035      +0.059      +0.043      +0.027      +0.034       +0.340       +1.000       -0.007       -0.102          +0.014          +0.024          -0.016  +0.560               +0.045           -0.040           -0.036      -0.026       -0.009        +0.043      -0.001       +0.002        +0.032       +0.032        -0.001         -0.037
                         :         BDTjet2BTag1:   -0.067     +0.012     +0.005     +0.036     +0.023      -0.003      +0.024      -0.038      -0.029      -0.013      -0.015      +0.021      +0.046       -0.076       -0.007       +1.000       +0.322          +0.014          +0.032          -0.037  +0.566               +0.000           +0.032           +0.023      +0.022       -0.008        +0.021      +0.004       -0.027        -0.023       +0.028        -0.023         +0.016
                         :         BDTjet2BTag2:   -0.043     -0.008     -0.044     -0.037     +0.010      +0.012      -0.002      -0.023      -0.063      -0.010      -0.008      +0.036      +0.034       -0.065       -0.102       +0.322       +1.000          -0.009          +0.034          +0.014  +0.530               +0.018           +0.019           +0.017      -0.028       -0.016        -0.028      -0.015       -0.033        -0.031       -0.057        -0.026         +0.019
                         :      BDTMissingETMET:   -0.031     +0.497     +0.352     +0.143     +0.132      +0.009      +0.004      +0.003      -0.013      +0.033      -0.026      -0.003      +0.028       -0.013       +0.014       +0.014       -0.009          +1.000          +0.009          +0.005  +0.002               -0.329           -0.119           -0.192      +0.439       -0.017        +0.086      +0.319       +0.004        +0.094       +0.653        -0.005         +0.064
                         :      BDTMissingETEta:   -0.035     -0.009     -0.004     -0.046     -0.004      -0.586      -0.490      -0.495      -0.429      -0.003      +0.024      +0.063      +0.061       +0.022       +0.024       +0.032       +0.034          +0.009          +1.000          +0.042  +0.051               -0.035           -0.013           -0.001      -0.016       -0.691        +0.013      -0.005       -0.593        +0.005       -0.003        -0.818         -0.008
                         :      BDTMissingETPhi:   -0.036     +0.024     +0.055     +0.028     +0.020      -0.059      -0.014      -0.005      -0.017      -0.333      -0.212      -0.166      -0.087       +0.008       -0.016       -0.037       +0.014          +0.005          +0.042          +1.000  -0.014               -0.008           +0.020           +0.006      +0.035       -0.042        +0.008      +0.024       -0.036        -0.016       +0.020        -0.038         +0.027
                         :                NBTag:   -0.120     +0.024     -0.016     +0.010     +0.040      -0.017      +0.011      -0.023      -0.063      +0.027      +0.032      +0.048      +0.056       +0.540       +0.560       +0.566       +0.530          +0.002          +0.051          -0.014  +1.000               +0.057           +0.018           +0.026      +0.000       -0.024        +0.040      +0.004       -0.027        +0.005       +0.002        -0.028         +0.026
                         : DiHiggsMETDeltaTheta:   -0.040     -0.085     -0.048     +0.031     -0.010      +0.037      +0.047      +0.036      -0.005      -0.035      -0.010      -0.036      +0.022       +0.064       +0.045       +0.000       +0.018          -0.329          -0.035          -0.008  +0.057               +1.000           +0.014           +0.193      -0.083       +0.042        -0.049      -0.083       +0.023        -0.072       -0.245        +0.040         +0.042
                         :     BDThiggsdeltaEta:   -0.022     +0.185     +0.047     +0.181     -0.020      +0.007      +0.034      +0.012      +0.000      -0.049      -0.011      +0.044      +0.026       +0.029       -0.040       +0.032       +0.019          -0.119          -0.013          +0.020  +0.018               +0.014           +1.000           +0.435      +0.173       +0.020        -0.098      +0.105       +0.001        -0.397       -0.063        +0.021         +0.642
                         :     BDThiggsdeltaPhi:   -0.013     +0.245     +0.064     +0.182     -0.005      -0.011      +0.024      +0.013      +0.006      -0.012      +0.002      -0.013      -0.013       +0.053       -0.036       +0.023       +0.017          -0.192          -0.001          +0.006  +0.026               +0.193           +0.435           +1.000      +0.220       +0.007        -0.038      +0.093       +0.004        -0.362       -0.122        +0.011         +0.366
                         :          BDThiggs1pt:   -0.070     +0.848     +0.701     +0.502     +0.263      +0.018      +0.023      +0.019      +0.019      -0.027      -0.016      +0.031      -0.019       +0.034       -0.026       +0.022       -0.028          +0.439          -0.016          +0.035  +0.000               -0.083           +0.173           +0.220      +1.000       -0.004        -0.096      +0.359       +0.030        -0.215       +0.712        +0.017         +0.487
                         :         BDThiggs1eta:   -0.025     -0.025     -0.019     +0.007     +0.006      +0.726      +0.570      +0.472      +0.331      +0.032      +0.001      -0.054      -0.058       -0.019       -0.009       -0.008       -0.016          -0.017          -0.691          -0.042  -0.024               +0.042           +0.020           +0.007      -0.004       +1.000        -0.011      -0.017       +0.501        -0.005       -0.012        +0.833         -0.010
                         :        BDThiggs1invm:   -0.009     +0.065     +0.020     +0.008     +0.037      -0.017      +0.006      -0.036      +0.005      +0.028      -0.034      +0.020      -0.010       +0.054       +0.043       +0.021       -0.028          +0.086          +0.013          +0.008  +0.040               -0.049           -0.098           -0.038      -0.096       -0.011        +1.000      +0.105       +0.013        +0.540       +0.096        -0.003         -0.026
                         :          BDThiggs2pt:   -0.073     +0.539     +0.671     +0.600     +0.463      +0.009      +0.047      +0.020      -0.042      -0.022      +0.021      +0.004      -0.012       +0.022       -0.001       +0.004       -0.015          +0.319          -0.005          +0.024  +0.004               -0.083           +0.105           +0.093      +0.359       -0.017        +0.105      +1.000       +0.019        +0.052       +0.559        +0.013         +0.484
                         :         BDThiggs2eta:   -0.007     +0.016     +0.020     +0.070     +0.010      +0.496      +0.649      +0.499      +0.537      -0.025      +0.019      -0.032      -0.013       -0.001       +0.002       -0.027       -0.033          +0.004          -0.593          -0.036  -0.027               +0.023           +0.001           +0.004      +0.030       +0.501        +0.013      +0.019       +1.000        +0.025       +0.020        +0.758         +0.028
                         :        BDThiggs2invm:   -0.025     -0.140     +0.044     -0.061     +0.132      -0.004      -0.014      -0.007      -0.010      +0.009      -0.033      -0.004      +0.001       +0.033       +0.032       -0.023       -0.031          +0.094          +0.005          -0.016  +0.005               -0.072           -0.397           -0.362      -0.215       -0.005        +0.540      +0.052       +0.025        +1.000       +0.054        -0.005         -0.163
                         :         BDTdihiggspt:   -0.046     +0.708     +0.689     +0.389     +0.357      +0.022      +0.023      +0.017      -0.009      +0.031      -0.022      +0.011      -0.002       +0.003       +0.032       +0.028       -0.057          +0.653          -0.003          +0.020  +0.002               -0.245           -0.063           -0.122      +0.712       -0.012        +0.096      +0.559       +0.020        +0.054       +1.000        +0.007         +0.125
                         :        BDTdihiggseta:   -0.032     +0.002     +0.006     +0.046     +0.020      +0.755      +0.639      +0.536      +0.441      +0.010      -0.010      -0.050      -0.031       -0.012       -0.001       -0.023       -0.026          -0.005          -0.818          -0.038  -0.028               +0.040           +0.021           +0.011      +0.017       +0.833        -0.003      +0.013       +0.758        -0.005       +0.007        +1.000         +0.015
                         :       BDTdihiggsinvm:   -0.086     +0.492     +0.451     +0.505     +0.182      +0.005      +0.033      +0.019      -0.027      -0.073      +0.021      +0.036      -0.011       +0.060       -0.037       +0.016       +0.019          +0.064          -0.008          +0.027  +0.026               +0.042           +0.642           +0.366      +0.487       -0.010        -0.026      +0.484       +0.028        -0.163       +0.125        +0.015         +1.000
                         : ---------------------------------------------------------------------------------------------------------------------------------------------------------------------------------------------------------------------------------------------------------------------------------------------------------------------------------------------------------------------------------------------------------------------------------------------------------------------
DataSetFactory           : [dataset] :  
                         : 
Factory                  : [1mTrain all methods[0m
Factory                  : [dataset] : Create Transformation "I" with events from all classes.
                         : 
                         : Transformation, Variable selection : 
                         : Input : variable 'BDTNjets' <---> Output : variable 'BDTNjets'
                         : Input : variable 'BDTjet1pt1' <---> Output : variable 'BDTjet1pt1'
                         : Input : variable 'BDTjet1pt2' <---> Output : variable 'BDTjet1pt2'
                         : Input : variable 'BDTjet2pt1' <---> Output : variable 'BDTjet2pt1'
                         : Input : variable 'BDTjet2pt2' <---> Output : variable 'BDTjet2pt2'
